   7       0 loop0 14 0 34 0 0 0 0 0 0 24 0 0 0 0 0 0 0
   7       1 loop1 60 0 2256 37 0 0 0 0 0 80 37 0 0 0 0 0 0
   7       2 loop2 51 0 724 21 0 0 0 0 0 56 21 0 0 0 0 0 0
   7       3 loop3 53 0 728 27 0 0 0 0 0 52 27 0 0 0 0 0 0
   7       4 loop4 43 0 694 8 0 0 0 0 0 20 8 0 0 0 0 0 0
   7       5 loop5 57 0 2132 22 0 0 0 0 0 32 22 0 0 0 0 0 0
   7       6 loop6 53 0 2168 22 0 0 0 0 0 40 22 0 0 0 0 0 0
   7       7 loop7 1803 0 10864 55 0 0 0 0 0 168 55 0 0 0 0 0 0
  11       0 sr0 11 0 5 0 0 0 0 0 0 24 0 0 0 0 0 0 0
   8       0 sda 224719 67270 15030486 223768 101835 949230 19380944 63710 4 247588 287479 0 0 0 0 0 0
   8       1 sda1 130 24 8842 30 21 15 288 5 0 96 36 0 0 0 0 0 0
   8       2 sda2 2 0 4 0 0 0 0 0 0 8 0 0 0 0 0 0 0
   8       5 sda5 27774 2434 3386266 39991 205 515 5760 115 0 38456 40107 0 0 0 0 0 0
   8       6 sda6 38178 6061 1149202 36417 54014 76570 8405240 29147 0 67484 65565 0 0 0 0 0 0
   8       7 sda7 45859 4051 4321858 22858 27326 32039 4087768 14421 0 43296 37280 0 0 0 0 0 0
   8       8 sda8 39782 34241 598000 36829 18377 835731 6831848 18992 4 61552 55821 0 0 0 0 0 0
   8       9 sda9 72838 20459 5561658 87628 1892 4360 50040 1027 0 72444 88655 0 0 0 0 0 0
   7       9 loop9 57 0 2108 23 0 0 0 0 0 28 23 0 0 0 0 0 0
   7      13 loop13 60 0 2196 29 0 0 0 0 0 48 29 0 0 0 0 0 0
   7       8 loop8 506 0 19698 161 0 0 0 0 0 964 161 0 0 0 0 0 0
   7      17 loop17 64 0 2194 45 0 0 0 0 0 72 45 0 0 0 0 0 0
   7      16 loop16 45 0 700 19 0 0 0 0 0 36 19 0 0 0 0 0 0
   7      14 loop14 52 0 2168 20 0 0 0 0 0 28 20 0 0 0 0 0 0
   7      11 loop11 61 0 2228 36 0 0 0 0 0 72 36 0 0 0 0 0 0
   7      15 loop15 63 0 2200 46 0 0 0 0 0 72 46 0 0 0 0 0 0
   7      12 loop12 2565 0 95462 814 0 0 0 0 0 1892 814 0 0 0 0 0 0
   7      10 loop10 394 0 14890 194 0 0 0 0 0 1000 194 0 0 0 0 0 0
   7      18 loop18 43 0 696 16 0 0 0 0 0 36 16 0 0 0 0 0 0
   7      19 loop19 45 0 700 17 0 0 0 0 0 36 17 0 0 0 0 0 0
   7      20 loop20 1372 0 108150 1204 0 0 0 0 0 4576 1204 0 0 0 0 0 0
   7      21 loop21 29 0 86 3 0 0 0 0 0 28 3 0 0 0 0 0 0
